0 5 1 0 6 0 1 5 1 1 6 0 2 5 0 
0 5 1 1 6 0 1 6 1 2 5 0 2 5 1 
1 5 2 1 6 0 1 6 1 2 5 0 2 5 1 
1 5 2 1 6 1 2 5 0 2 5 2 2 6 1 
1 5 2 1 6 1 2 5 2 2 6 1 3 5 1 
1 5 2 2 6 1 2 6 2 3 5 1 3 5 2 
2 5 3 2 6 1 2 6 2 3 5 1 3 5 2 
2 5 3 2 6 2 3 5 1 3 5 3 3 6 2 
2 5 3 2 6 2 3 5 3 3 6 2 4 5 2 
2 5 3 3 6 2 3 6 3 4 5 2 4 5 3 
3 5 4 3 6 2 3 6 3 4 5 2 4 5 3 
3 5 4 3 6 3 4 5 2 4 5 4 4 6 3 
3 5 4 3 6 3 4 5 4 4 6 3 
3 5 4 4 6 3 4 6 4 
4 6 3 4 6 4 
4 6 4 
4 6 4 


















0 5 0 
0 5 0 
0 6 0 1 5 0 
0 5 1 0 6 0 1 5 0 
0 5 1 0 6 0 1 5 1 1 6 0 
0 5 1 0 6 0 1 5 1 1 6 0 2 5 0 
0 5 1 1 6 0 1 6 1 2 5 0 2 5 1 
1 5 2 1 6 0 1 6 1 2 5 0 2 5 1 
1 5 2 1 6 1 2 5 0 2 5 2 2 6 1 
1 5 2 1 6 1 2 5 2 2 6 1 3 5 1 
1 5 2 2 6 1 2 6 2 3 5 1 3 5 2 
2 5 3 2 6 1 2 6 2 3 5 1 3 5 2 
2 5 3 2 6 2 3 5 1 3 5 3 3 6 2 
2 5 3 2 6 2 3 5 3 3 6 2 4 5 2 
2 5 3 3 6 2 3 6 3 4 5 2 4 5 3 
3 5 4 3 6 2 3 6 3 4 5 2 4 5 3 
3 5 4 3 6 3 4 5 2 4 5 4 4 6 3 
3 5 4 3 6 3 4 5 4 4 6 3 
3 5 4 4 6 3 4 6 4 
4 6 3 4 6 4 
4 6 4 
4 6 4 




