














5 4 5 
5 4 5 
5 3 5 6 4 5 
5 3 5 5 4 6 6 4 5 
5 3 5 5 4 6 6 3 5 6 4 6 
5 3 5 5 4 6 6 3 5 6 4 6 7 4 5 
5 4 6 6 3 5 6 3 6 7 4 5 7 4 6 
6 3 5 6 3 6 6 4 7 7 4 5 7 4 6 
6 3 6 6 4 7 7 3 6 7 4 5 7 4 7 
6 3 6 6 4 7 7 3 6 7 4 7 8 4 6 
6 4 7 7 3 6 7 3 7 8 4 6 8 4 7 
7 3 6 7 3 7 7 4 8 8 4 6 8 4 7 
7 3 7 7 4 8 8 3 7 8 4 6 8 4 8 
7 3 7 7 4 8 8 3 7 8 4 8 9 4 7 
7 4 8 8 3 7 8 3 8 9 4 7 9 4 8 
8 3 7 8 3 8 8 4 9 9 4 7 9 4 8 
8 3 8 8 4 9 9 3 8 9 4 7 9 4 9 
8 3 8 8 4 9 9 3 8 9 4 9 
8 4 9 9 3 8 9 3 9 
9 3 8 9 3 9 
9 3 9 
9 3 9 


















5 4 5 
5 4 5 
5 3 5 6 4 5 
5 3 5 5 4 6 6 4 5 
5 3 5 5 4 6 6 3 5 6 4 6 
5 3 5 5 4 6 6 3 5 6 4 6 7 4 5 
