














5 5 5 
5 5 5 
5 6 5 6 5 5 
5 5 6 5 6 5 6 5 5 
5 5 6 5 6 5 6 5 6 6 6 5 
5 5 6 5 6 5 6 5 6 6 6 5 7 5 5 
5 5 6 6 6 5 6 6 6 7 5 5 7 5 6 
6 5 7 6 6 5 6 6 6 7 5 5 7 5 6 
6 5 7 6 6 6 7 5 5 7 5 7 7 6 6 
6 5 7 6 6 6 7 5 7 7 6 6 8 5 6 
6 5 7 7 6 6 7 6 7 8 5 6 8 5 7 
7 5 8 7 6 6 7 6 7 8 5 6 8 5 7 
7 5 8 7 6 7 8 5 6 8 5 8 8 6 7 
7 5 8 7 6 7 8 5 8 8 6 7 9 5 7 
7 5 8 8 6 7 8 6 8 9 5 7 9 5 8 
8 5 9 8 6 7 8 6 8 9 5 7 9 5 8 
8 5 9 8 6 8 9 5 7 9 5 9 9 6 8 
8 5 9 8 6 8 9 5 9 9 6 8 
8 5 9 9 6 8 9 6 9 
9 6 8 9 6 9 
9 6 9 
9 6 9 


















5 5 5 
5 5 5 
5 6 5 6 5 5 
5 5 6 5 6 5 6 5 5 
5 5 6 5 6 5 6 5 6 6 6 5 
5 5 6 5 6 5 6 5 6 6 6 5 7 5 5 
